接收方滑动窗口： -1 [  0   1   2   3]   4 ==>   0 [  1   2   3   4]   5
接收方滑动窗口：  0 [  1   2   3   4]   5 ==>   1 [  2   3   4   5]   6
接收方滑动窗口：  1 [  2   3   4   5]   6 ==>   2 [  3   4   5   6]   7
接收方滑动窗口：  2 [  3   4   5   6]   7 ==>   3 [  4   5   6   7]   8
接收方滑动窗口：  3 [  4   5   6   7]   8 ==>   4 [  5   6   7   8]   9
接收方滑动窗口：  4 [  5   6   7   8]   9 ==>   5 [  6   7   8   9]  10
接收方滑动窗口：  5 [  6   7   8   9]  10 ==>   6 [  7   8   9  10]  11
接收方滑动窗口：  6 [  7   8   9  10]  11 ==>   7 [  8   9  10  11]  12
接收方滑动窗口：  7 [  8   9  10  11]  12 ==>   8 [  9  10  11  12]  13
接收方滑动窗口：  8 [  9  10  11  12]  13 ==>   9 [ 10  11  12  13]  14
接收方滑动窗口：  9 [ 10  11  12  13]  14 ==>  10 [ 11  12  13  14]  15
接收方滑动窗口： 10 [ 11  12  13  14]  15 ==>  11 [ 12  13  14  15]  16
接收方滑动窗口： 11 [ 12  13  14  15]  16 ==>  12 [ 13  14  15  16]  17
接收方滑动窗口： 12 [ 13  14  15  16]  17 ==>  13 [ 14  15  16  17]  18
接收方滑动窗口： 13 [ 14  15  16  17]  18 ==>  14 [ 15  16  17  18]  19
接收方滑动窗口： 14 [ 15  16  17  18]  19 ==>  15 [ 16  17  18  19]  20
接收方滑动窗口： 15 [ 16  17  18  19]  20 ==>  16 [ 17  18  19  20]  21
接收方滑动窗口： 16 [ 17  18  19  20]  21 ==>  20 [ 21  22  23  24]  25
接收方滑动窗口： 20 [ 21  22  23  24]  25 ==>  21 [ 22  23  24  25]  26
接收方滑动窗口： 21 [ 22  23  24  25]  26 ==>  22 [ 23  24  25  26]  27
接收方滑动窗口： 22 [ 23  24  25  26]  27 ==>  23 [ 24  25  26  27]  28
接收方滑动窗口： 23 [ 24  25  26  27]  28 ==>  24 [ 25  26  27  28]  29
接收方滑动窗口： 24 [ 25  26  27  28]  29 ==>  25 [ 26  27  28  29]  30
接收方滑动窗口： 25 [ 26  27  28  29]  30 ==>  26 [ 27  28  29  30]  31
接收方滑动窗口： 26 [ 27  28  29  30]  31 ==>  27 [ 28  29  30  31]  32
接收方滑动窗口： 27 [ 28  29  30  31]  32 ==>  28 [ 29  30  31  32]  33
接收方滑动窗口： 28 [ 29  30  31  32]  33 ==>  29 [ 30  31  32  33]  34
接收方滑动窗口： 29 [ 30  31  32  33]  34 ==>  30 [ 31  32  33  34]  35
接收方滑动窗口： 30 [ 31  32  33  34]  35 ==>  31 [ 32  33  34  35]  36
接收方滑动窗口： 31 [ 32  33  34  35]  36 ==>  32 [ 33  34  35  36]  37
接收方滑动窗口： 32 [ 33  34  35  36]  37 ==>  33 [ 34  35  36  37]  38
接收方滑动窗口： 33 [ 34  35  36  37]  38 ==>  34 [ 35  36  37  38]  39
接收方滑动窗口： 34 [ 35  36  37  38]  39 ==>  36 [ 37  38  39  40]  41
接收方滑动窗口： 36 [ 37  38  39  40]  41 ==>  37 [ 38  39  40  41]  42
接收方滑动窗口： 37 [ 38  39  40  41]  42 ==>  38 [ 39  40  41  42]  43
接收方滑动窗口： 38 [ 39  40  41  42]  43 ==>  39 [ 40  41  42  43]  44
接收方滑动窗口： 39 [ 40  41  42  43]  44 ==>  40 [ 41  42  43  44]  45
接收方滑动窗口： 40 [ 41  42  43  44]  45 ==>  44 [ 45  46  47  48]  49
接收方滑动窗口： 44 [ 45  46  47  48]  49 ==>  45 [ 46  47  48  49]  50
接收方滑动窗口： 45 [ 46  47  48  49]  50 ==>  48 [ 49  50  51  52]  53
接收方滑动窗口： 48 [ 49  50  51  52]  53 ==>  49 [ 50  51  52  53]  54
接收方滑动窗口： 49 [ 50  51  52  53]  54 ==>  50 [ 51  52  53  54]  55
接收方滑动窗口： 50 [ 51  52  53  54]  55 ==>  51 [ 52  53  54  55]  56
接收方滑动窗口： 51 [ 52  53  54  55]  56 ==>  52 [ 53  54  55  56]  57
接收方滑动窗口： 52 [ 53  54  55  56]  57 ==>  53 [ 54  55  56  57]  58
接收方滑动窗口： 53 [ 54  55  56  57]  58 ==>  54 [ 55  56  57  58]  59
接收方滑动窗口： 54 [ 55  56  57  58]  59 ==>  55 [ 56  57  58  59]  60
接收方滑动窗口： 55 [ 56  57  58  59]  60 ==>  56 [ 57  58  59  60]  61
接收方滑动窗口： 56 [ 57  58  59  60]  61 ==>  57 [ 58  59  60  61]  62
接收方滑动窗口： 57 [ 58  59  60  61]  62 ==>  59 [ 60  61  62  63]  64
接收方滑动窗口： 59 [ 60  61  62  63]  64 ==>  60 [ 61  62  63  64]  65
接收方滑动窗口： 60 [ 61  62  63  64]  65 ==>  61 [ 62  63  64  65]  66
接收方滑动窗口： 61 [ 62  63  64  65]  66 ==>  62 [ 63  64  65  66]  67
接收方滑动窗口： 62 [ 63  64  65  66]  67 ==>  63 [ 64  65  66  67]  68
接收方滑动窗口： 63 [ 64  65  66  67]  68 ==>  64 [ 65  66  67  68]  69
接收方滑动窗口： 64 [ 65  66  67  68]  69 ==>  65 [ 66  67  68  69]  70
接收方滑动窗口： 65 [ 66  67  68  69]  70 ==>  66 [ 67  68  69  70]  71
接收方滑动窗口： 66 [ 67  68  69  70]  71 ==>  67 [ 68  69  70  71]  72
接收方滑动窗口： 67 [ 68  69  70  71]  72 ==>  68 [ 69  70  71  72]  73
接收方滑动窗口： 68 [ 69  70  71  72]  73 ==>  69 [ 70  71  72  73]  74
接收方滑动窗口： 69 [ 70  71  72  73]  74 ==>  70 [ 71  72  73  74]  75
接收方滑动窗口： 70 [ 71  72  73  74]  75 ==>  72 [ 73  74  75  76]  77
接收方滑动窗口： 72 [ 73  74  75  76]  77 ==>  73 [ 74  75  76  77]  78
接收方滑动窗口： 73 [ 74  75  76  77]  78 ==>  74 [ 75  76  77  78]  79
接收方滑动窗口： 74 [ 75  76  77  78]  79 ==>  76 [ 77  78  79  80]  81
接收方滑动窗口： 76 [ 77  78  79  80]  81 ==>  77 [ 78  79  80  81]  82
接收方滑动窗口： 77 [ 78  79  80  81]  82 ==>  80 [ 81  82  83  84]  85
接收方滑动窗口： 80 [ 81  82  83  84]  85 ==>  81 [ 82  83  84  85]  86
接收方滑动窗口： 81 [ 82  83  84  85]  86 ==>  82 [ 83  84  85  86]  87
接收方滑动窗口： 82 [ 83  84  85  86]  87 ==>  83 [ 84  85  86  87]  88
接收方滑动窗口： 83 [ 84  85  86  87]  88 ==>  84 [ 85  86  87  88]  89
接收方滑动窗口： 84 [ 85  86  87  88]  89 ==>  85 [ 86  87  88  89]  90
接收方滑动窗口： 85 [ 86  87  88  89]  90 ==>  86 [ 87  88  89  90]  91
接收方滑动窗口： 86 [ 87  88  89  90]  91 ==>  87 [ 88  89  90  91]  92
接收方滑动窗口： 87 [ 88  89  90  91]  92 ==>  88 [ 89  90  91  92]  93
接收方滑动窗口： 88 [ 89  90  91  92]  93 ==>  89 [ 90  91  92  93]  94
接收方滑动窗口： 89 [ 90  91  92  93]  94 ==>  90 [ 91  92  93  94]  95
接收方滑动窗口： 90 [ 91  92  93  94]  95 ==>  91 [ 92  93  94  95]  96
接收方滑动窗口： 91 [ 92  93  94  95]  96 ==>  92 [ 93  94  95  96]  97
接收方滑动窗口： 92 [ 93  94  95  96]  97 ==>  93 [ 94  95  96  97]  98
接收方滑动窗口： 93 [ 94  95  96  97]  98 ==>  96 [ 97  98  99 100] 101
接收方滑动窗口： 96 [ 97  98  99 100] 101 ==>  97 [ 98  99 100 101] 102
接收方滑动窗口： 97 [ 98  99 100 101] 102 ==>  98 [ 99 100 101 102] 103
接收方滑动窗口： 98 [ 99 100 101 102] 103 ==>  99 [100 101 102 103] 104
接收方滑动窗口： 99 [100 101 102 103] 104 ==> 100 [101 102 103 104] 105
接收方滑动窗口：100 [101 102 103 104] 105 ==> 101 [102 103 104 105] 106
接收方滑动窗口：101 [102 103 104 105] 106 ==> 102 [103 104 105 106] 107
接收方滑动窗口：102 [103 104 105 106] 107 ==> 103 [104 105 106 107] 108
接收方滑动窗口：103 [104 105 106 107] 108 ==> 104 [105 106 107 108] 109
