发送方滑动窗口： -1 [  0   1   2   3]   4 ==>  -1 [  0   1   2   3]   4
发送方滑动窗口： -1 [  0   1   2   3]   4 ==>   0 [  1   2   3   4]   5
发送方滑动窗口：  0 [  1   2   3   4]   5 ==>   0 [  1   2   3   4]   5
发送方滑动窗口：  0 [  1   2   3   4]   5 ==>   1 [  2   3   4   5]   6
发送方滑动窗口：  1 [  2   3   4   5]   6 ==>   1 [  2   3   4   5]   6
发送方滑动窗口：  1 [  2   3   4   5]   6 ==>   2 [  3   4   5   6]   7
发送方滑动窗口：  2 [  3   4   5   6]   7 ==>   2 [  3   4   5   6]   7
发送方滑动窗口：  2 [  3   4   5   6]   7 ==>   3 [  4   5   6   7]   8
发送方滑动窗口：  3 [  4   5   6   7]   8 ==>   3 [  4   5   6   7]   8
发送方滑动窗口：  3 [  4   5   6   7]   8 ==>   4 [  5   6   7   8]   9
发送方滑动窗口：  4 [  5   6   7   8]   9 ==>   4 [  5   6   7   8]   9
发送方滑动窗口：  4 [  5   6   7   8]   9 ==>   5 [  6   7   8   9]  10
发送方滑动窗口：  5 [  6   7   8   9]  10 ==>   5 [  6   7   8   9]  10
发送方滑动窗口：  5 [  6   7   8   9]  10 ==>   6 [  7   8   9  10]  11
发送方滑动窗口：  6 [  7   8   9  10]  11 ==>   6 [  7   8   9  10]  11
发送方滑动窗口：  6 [  7   8   9  10]  11 ==>   7 [  8   9  10  11]  12
发送方滑动窗口：  7 [  8   9  10  11]  12 ==>   7 [  8   9  10  11]  12
发送方滑动窗口：  7 [  8   9  10  11]  12 ==>   8 [  9  10  11  12]  13
发送方滑动窗口：  8 [  9  10  11  12]  13 ==>   8 [  9  10  11  12]  13
发送方滑动窗口：  8 [  9  10  11  12]  13 ==>  11 [ 12  13  14  15]  16
发送方滑动窗口： 11 [ 12  13  14  15]  16 ==>  11 [ 12  13  14  15]  16
发送方滑动窗口： 11 [ 12  13  14  15]  16 ==>  12 [ 13  14  15  16]  17
发送方滑动窗口： 12 [ 13  14  15  16]  17 ==>  12 [ 13  14  15  16]  17
发送方滑动窗口： 12 [ 13  14  15  16]  17 ==>  13 [ 14  15  16  17]  18
发送方滑动窗口： 13 [ 14  15  16  17]  18 ==>  13 [ 14  15  16  17]  18
发送方滑动窗口： 13 [ 14  15  16  17]  18 ==>  14 [ 15  16  17  18]  19
发送方滑动窗口： 14 [ 15  16  17  18]  19 ==>  14 [ 15  16  17  18]  19
发送方滑动窗口： 14 [ 15  16  17  18]  19 ==>  15 [ 16  17  18  19]  20
发送方滑动窗口： 15 [ 16  17  18  19]  20 ==>  15 [ 16  17  18  19]  20
发送方滑动窗口： 15 [ 16  17  18  19]  20 ==>  16 [ 17  18  19  20]  21
发送方滑动窗口： 16 [ 17  18  19  20]  21 ==>  16 [ 17  18  19  20]  21
发送方滑动窗口： 16 [ 17  18  19  20]  21 ==>  18 [ 19  20  21  22]  23
发送方滑动窗口： 18 [ 19  20  21  22]  23 ==>  18 [ 19  20  21  22]  23
发送方滑动窗口： 18 [ 19  20  21  22]  23 ==>  19 [ 20  21  22  23]  24
发送方滑动窗口： 19 [ 20  21  22  23]  24 ==>  19 [ 20  21  22  23]  24
发送方滑动窗口： 19 [ 20  21  22  23]  24 ==>  20 [ 21  22  23  24]  25
发送方滑动窗口： 20 [ 21  22  23  24]  25 ==>  20 [ 21  22  23  24]  25
发送方滑动窗口： 20 [ 21  22  23  24]  25 ==>  21 [ 22  23  24  25]  26
发送方滑动窗口： 21 [ 22  23  24  25]  26 ==>  21 [ 22  23  24  25]  26
发送方滑动窗口： 21 [ 22  23  24  25]  26 ==>  22 [ 23  24  25  26]  27
发送方滑动窗口： 22 [ 23  24  25  26]  27 ==>  22 [ 23  24  25  26]  27
发送方滑动窗口： 22 [ 23  24  25  26]  27 ==>  23 [ 24  25  26  27]  28
发送方滑动窗口： 23 [ 24  25  26  27]  28 ==>  23 [ 24  25  26  27]  28
发送方滑动窗口： 23 [ 24  25  26  27]  28 ==>  24 [ 25  26  27  28]  29
发送方滑动窗口： 24 [ 25  26  27  28]  29 ==>  24 [ 25  26  27  28]  29
发送方滑动窗口： 24 [ 25  26  27  28]  29 ==>  25 [ 26  27  28  29]  30
发送方滑动窗口： 25 [ 26  27  28  29]  30 ==>  25 [ 26  27  28  29]  30
发送方滑动窗口： 25 [ 26  27  28  29]  30 ==>  26 [ 27  28  29  30]  31
发送方滑动窗口： 26 [ 27  28  29  30]  31 ==>  26 [ 27  28  29  30]  31
发送方滑动窗口： 26 [ 27  28  29  30]  31 ==>  27 [ 28  29  30  31]  32
发送方滑动窗口： 27 [ 28  29  30  31]  32 ==>  27 [ 28  29  30  31]  32
发送方滑动窗口： 27 [ 28  29  30  31]  32 ==>  28 [ 29  30  31  32]  33
发送方滑动窗口： 28 [ 29  30  31  32]  33 ==>  28 [ 29  30  31  32]  33
发送方滑动窗口： 28 [ 29  30  31  32]  33 ==>  29 [ 30  31  32  33]  34
发送方滑动窗口： 29 [ 30  31  32  33]  34 ==>  29 [ 30  31  32  33]  34
发送方滑动窗口： 29 [ 30  31  32  33]  34 ==>  30 [ 31  32  33  34]  35
发送方滑动窗口： 30 [ 31  32  33  34]  35 ==>  30 [ 31  32  33  34]  35
发送方滑动窗口： 30 [ 31  32  33  34]  35 ==>  31 [ 32  33  34  35]  36
发送方滑动窗口： 31 [ 32  33  34  35]  36 ==>  31 [ 32  33  34  35]  36
发送方滑动窗口： 31 [ 32  33  34  35]  36 ==>  32 [ 33  34  35  36]  37
发送方滑动窗口： 32 [ 33  34  35  36]  37 ==>  32 [ 33  34  35  36]  37
发送方滑动窗口： 32 [ 33  34  35  36]  37 ==>  33 [ 34  35  36  37]  38
发送方滑动窗口： 33 [ 34  35  36  37]  38 ==>  33 [ 34  35  36  37]  38
发送方滑动窗口： 33 [ 34  35  36  37]  38 ==>  34 [ 35  36  37  38]  39
发送方滑动窗口： 34 [ 35  36  37  38]  39 ==>  34 [ 35  36  37  38]  39
发送方滑动窗口： 34 [ 35  36  37  38]  39 ==>  35 [ 36  37  38  39]  40
发送方滑动窗口： 35 [ 36  37  38  39]  40 ==>  35 [ 36  37  38  39]  40
发送方滑动窗口： 35 [ 36  37  38  39]  40 ==>  36 [ 37  38  39  40]  41
发送方滑动窗口： 36 [ 37  38  39  40]  41 ==>  36 [ 37  38  39  40]  41
发送方滑动窗口： 36 [ 37  38  39  40]  41 ==>  37 [ 38  39  40  41]  42
发送方滑动窗口： 37 [ 38  39  40  41]  42 ==>  37 [ 38  39  40  41]  42
发送方滑动窗口： 37 [ 38  39  40  41]  42 ==>  40 [ 41  42  43  44]  45
快速重传序号: 41
发送方滑动窗口： 40 [ 41  42  43  44]  45 ==>  40 [ 41  42  43  44]  45
发送方滑动窗口： 40 [ 41  42  43  44]  45 ==>  41 [ 42  43  44  45]  46
发送方滑动窗口： 41 [ 42  43  44  45]  46 ==>  41 [ 42  43  44  45]  46
发送方滑动窗口： 41 [ 42  43  44  45]  46 ==>  42 [ 43  44  45  46]  47
发送方滑动窗口： 42 [ 43  44  45  46]  47 ==>  42 [ 43  44  45  46]  47
发送方滑动窗口： 42 [ 43  44  45  46]  47 ==>  43 [ 44  45  46  47]  48
发送方滑动窗口： 43 [ 44  45  46  47]  48 ==>  43 [ 44  45  46  47]  48
发送方滑动窗口： 43 [ 44  45  46  47]  48 ==>  44 [ 45  46  47  48]  49
发送方滑动窗口： 44 [ 45  46  47  48]  49 ==>  44 [ 45  46  47  48]  49
发送方滑动窗口： 44 [ 45  46  47  48]  49 ==>  46 [ 47  48  49  50]  51
发送方滑动窗口： 46 [ 47  48  49  50]  51 ==>  46 [ 47  48  49  50]  51
发送方滑动窗口： 46 [ 47  48  49  50]  51 ==>  48 [ 49  50  51  52]  53
发送方滑动窗口： 48 [ 49  50  51  52]  53 ==>  48 [ 49  50  51  52]  53
发送方滑动窗口： 48 [ 49  50  51  52]  53 ==>  49 [ 50  51  52  53]  54
发送方滑动窗口： 49 [ 50  51  52  53]  54 ==>  49 [ 50  51  52  53]  54
发送方滑动窗口： 49 [ 50  51  52  53]  54 ==>  50 [ 51  52  53  54]  55
发送方滑动窗口： 50 [ 51  52  53  54]  55 ==>  50 [ 51  52  53  54]  55
发送方滑动窗口： 50 [ 51  52  53  54]  55 ==>  51 [ 52  53  54  55]  56
发送方滑动窗口： 51 [ 52  53  54  55]  56 ==>  51 [ 52  53  54  55]  56
发送方滑动窗口： 51 [ 52  53  54  55]  56 ==>  52 [ 53  54  55  56]  57
发送方滑动窗口： 52 [ 53  54  55  56]  57 ==>  52 [ 53  54  55  56]  57
发送方滑动窗口： 52 [ 53  54  55  56]  57 ==>  53 [ 54  55  56  57]  58
发送方滑动窗口： 53 [ 54  55  56  57]  58 ==>  53 [ 54  55  56  57]  58
发送方滑动窗口： 53 [ 54  55  56  57]  58 ==>  54 [ 55  56  57  58]  59
发送方滑动窗口： 54 [ 55  56  57  58]  59 ==>  54 [ 55  56  57  58]  59
发送方滑动窗口： 54 [ 55  56  57  58]  59 ==>  55 [ 56  57  58  59]  60
发送方滑动窗口： 55 [ 56  57  58  59]  60 ==>  55 [ 56  57  58  59]  60
发送方滑动窗口： 55 [ 56  57  58  59]  60 ==>  56 [ 57  58  59  60]  61
发送方滑动窗口： 56 [ 57  58  59  60]  61 ==>  56 [ 57  58  59  60]  61
发送方滑动窗口： 56 [ 57  58  59  60]  61 ==>  57 [ 58  59  60  61]  62
发送方滑动窗口： 57 [ 58  59  60  61]  62 ==>  57 [ 58  59  60  61]  62
发送方滑动窗口： 57 [ 58  59  60  61]  62 ==>  58 [ 59  60  61  62]  63
发送方滑动窗口： 58 [ 59  60  61  62]  63 ==>  58 [ 59  60  61  62]  63
发送方滑动窗口： 58 [ 59  60  61  62]  63 ==>  59 [ 60  61  62  63]  64
发送方滑动窗口： 59 [ 60  61  62  63]  64 ==>  59 [ 60  61  62  63]  64
发送方滑动窗口： 59 [ 60  61  62  63]  64 ==>  60 [ 61  62  63  64]  65
发送方滑动窗口： 60 [ 61  62  63  64]  65 ==>  60 [ 61  62  63  64]  65
发送方滑动窗口： 60 [ 61  62  63  64]  65 ==>  62 [ 63  64  65  66]  67
发送方滑动窗口： 62 [ 63  64  65  66]  67 ==>  62 [ 63  64  65  66]  67
发送方滑动窗口： 62 [ 63  64  65  66]  67 ==>  63 [ 64  65  66  67]  68
发送方滑动窗口： 63 [ 64  65  66  67]  68 ==>  63 [ 64  65  66  67]  68
发送方滑动窗口： 63 [ 64  65  66  67]  68 ==>  64 [ 65  66  67  68]  69
发送方滑动窗口： 64 [ 65  66  67  68]  69 ==>  64 [ 65  66  67  68]  69
发送方滑动窗口： 64 [ 65  66  67  68]  69 ==>  65 [ 66  67  68  69]  70
发送方滑动窗口： 65 [ 66  67  68  69]  70 ==>  65 [ 66  67  68  69]  70
发送方滑动窗口： 65 [ 66  67  68  69]  70 ==>  66 [ 67  68  69  70]  71
发送方滑动窗口： 66 [ 67  68  69  70]  71 ==>  66 [ 67  68  69  70]  71
发送方滑动窗口： 66 [ 67  68  69  70]  71 ==>  67 [ 68  69  70  71]  72
发送方滑动窗口： 67 [ 68  69  70  71]  72 ==>  67 [ 68  69  70  71]  72
发送方滑动窗口： 67 [ 68  69  70  71]  72 ==>  68 [ 69  70  71  72]  73
发送方滑动窗口： 68 [ 69  70  71  72]  73 ==>  68 [ 69  70  71  72]  73
发送方滑动窗口： 68 [ 69  70  71  72]  73 ==>  69 [ 70  71  72  73]  74
发送方滑动窗口： 69 [ 70  71  72  73]  74 ==>  69 [ 70  71  72  73]  74
发送方滑动窗口： 69 [ 70  71  72  73]  74 ==>  70 [ 71  72  73  74]  75
发送方滑动窗口： 70 [ 71  72  73  74]  75 ==>  70 [ 71  72  73  74]  75
发送方滑动窗口： 70 [ 71  72  73  74]  75 ==>  72 [ 73  74  75  76]  77
发送方滑动窗口： 72 [ 73  74  75  76]  77 ==>  72 [ 73  74  75  76]  77
发送方滑动窗口： 72 [ 73  74  75  76]  77 ==>  73 [ 74  75  76  77]  78
快速重传序号: 74
发送方滑动窗口： 73 [ 74  75  76  77]  78 ==>  73 [ 74  75  76  77]  78
发送方滑动窗口： 73 [ 74  75  76  77]  78 ==>  74 [ 75  76  77  78]  79
发送方滑动窗口： 74 [ 75  76  77  78]  79 ==>  74 [ 75  76  77  78]  79
发送方滑动窗口： 74 [ 75  76  77  78]  79 ==>  75 [ 76  77  78  79]  80
发送方滑动窗口： 75 [ 76  77  78  79]  80 ==>  75 [ 76  77  78  79]  80
发送方滑动窗口： 75 [ 76  77  78  79]  80 ==>  76 [ 77  78  79  80]  81
发送方滑动窗口： 76 [ 77  78  79  80]  81 ==>  76 [ 77  78  79  80]  81
发送方滑动窗口： 76 [ 77  78  79  80]  81 ==>  77 [ 78  79  80  81]  82
发送方滑动窗口： 77 [ 78  79  80  81]  82 ==>  77 [ 78  79  80  81]  82
发送方滑动窗口： 77 [ 78  79  80  81]  82 ==>  78 [ 79  80  81  82]  83
发送方滑动窗口： 78 [ 79  80  81  82]  83 ==>  78 [ 79  80  81  82]  83
发送方滑动窗口： 78 [ 79  80  81  82]  83 ==>  79 [ 80  81  82  83]  84
发送方滑动窗口： 79 [ 80  81  82  83]  84 ==>  79 [ 80  81  82  83]  84
发送方滑动窗口： 79 [ 80  81  82  83]  84 ==>  80 [ 81  82  83  84]  85
发送方滑动窗口： 80 [ 81  82  83  84]  85 ==>  80 [ 81  82  83  84]  85
发送方滑动窗口： 80 [ 81  82  83  84]  85 ==>  81 [ 82  83  84  85]  86
发送方滑动窗口： 81 [ 82  83  84  85]  86 ==>  81 [ 82  83  84  85]  86
发送方滑动窗口： 81 [ 82  83  84  85]  86 ==>  82 [ 83  84  85  86]  87
发送方滑动窗口： 82 [ 83  84  85  86]  87 ==>  82 [ 83  84  85  86]  87
发送方滑动窗口： 82 [ 83  84  85  86]  87 ==>  83 [ 84  85  86  87]  88
发送方滑动窗口： 83 [ 84  85  86  87]  88 ==>  83 [ 84  85  86  87]  88
发送方滑动窗口： 83 [ 84  85  86  87]  88 ==>  84 [ 85  86  87  88]  89
发送方滑动窗口： 84 [ 85  86  87  88]  89 ==>  84 [ 85  86  87  88]  89
发送方滑动窗口： 84 [ 85  86  87  88]  89 ==>  85 [ 86  87  88  89]  90
发送方滑动窗口： 85 [ 86  87  88  89]  90 ==>  85 [ 86  87  88  89]  90
发送方滑动窗口： 85 [ 86  87  88  89]  90 ==>  86 [ 87  88  89  90]  91
发送方滑动窗口： 86 [ 87  88  89  90]  91 ==>  86 [ 87  88  89  90]  91
发送方滑动窗口： 86 [ 87  88  89  90]  91 ==>  87 [ 88  89  90  91]  92
发送方滑动窗口： 87 [ 88  89  90  91]  92 ==>  87 [ 88  89  90  91]  92
发送方滑动窗口： 87 [ 88  89  90  91]  92 ==>  88 [ 89  90  91  92]  93
发送方滑动窗口： 88 [ 89  90  91  92]  93 ==>  88 [ 89  90  91  92]  93
发送方滑动窗口： 88 [ 89  90  91  92]  93 ==>  89 [ 90  91  92  93]  94
发送方滑动窗口： 89 [ 90  91  92  93]  94 ==>  89 [ 90  91  92  93]  94
发送方滑动窗口： 89 [ 90  91  92  93]  94 ==>  90 [ 91  92  93  94]  95
发送方滑动窗口： 90 [ 91  92  93  94]  95 ==>  90 [ 91  92  93  94]  95
发送方滑动窗口： 90 [ 91  92  93  94]  95 ==>  91 [ 92  93  94  95]  96
发送方滑动窗口： 91 [ 92  93  94  95]  96 ==>  91 [ 92  93  94  95]  96
发送方滑动窗口： 91 [ 92  93  94  95]  96 ==>  92 [ 93  94  95  96]  97
发送方滑动窗口： 92 [ 93  94  95  96]  97 ==>  92 [ 93  94  95  96]  97
发送方滑动窗口： 92 [ 93  94  95  96]  97 ==>  94 [ 95  96  97  98]  99
发送方滑动窗口： 94 [ 95  96  97  98]  99 ==>  94 [ 95  96  97  98]  99
发送方滑动窗口： 94 [ 95  96  97  98]  99 ==>  95 [ 96  97  98  99] 100
发送方滑动窗口： 95 [ 96  97  98  99] 100 ==>  95 [ 96  97  98  99] 100
发送方滑动窗口： 95 [ 96  97  98  99] 100 ==>  96 [ 97  98  99 100] 101
快速重传序号: 97
发送方滑动窗口： 96 [ 97  98  99 100] 101 ==>  96 [ 97  98  99 100] 101
发送方滑动窗口： 96 [ 97  98  99 100] 101 ==>  97 [ 98  99 100 101] 102
发送方滑动窗口： 97 [ 98  99 100 101] 102 ==>  97 [ 98  99 100 101] 102
发送方滑动窗口： 97 [ 98  99 100 101] 102 ==>  98 [ 99 100 101 102] 103
发送方滑动窗口： 98 [ 99 100 101 102] 103 ==>  98 [ 99 100 101 102] 103
发送方滑动窗口： 98 [ 99 100 101 102] 103 ==>  99 [100 101 102 103] 104
发送方滑动窗口： 99 [100 101 102 103] 104 ==>  99 [100 101 102 103] 104
发送方滑动窗口： 99 [100 101 102 103] 104 ==> 100 [101 102 103 104] 105
发送方滑动窗口：100 [101 102 103 104] 105 ==> 100 [101 102 103 104] 105
发送方滑动窗口：100 [101 102 103 104] 105 ==> 101 [102 103 104 105] 106
发送方滑动窗口：101 [102 103 104 105] 106 ==> 101 [102 103 104 105] 106
发送方滑动窗口：101 [102 103 104 105] 106 ==> 102 [103 104 105 106] 107
发送方滑动窗口：102 [103 104 105 106] 107 ==> 102 [103 104 105 106] 107
发送方滑动窗口：102 [103 104 105 106] 107 ==> 103 [104 105 106 107] 108
发送方滑动窗口：103 [104 105 106 107] 108 ==> 103 [104 105 106 107] 108
发送方滑动窗口：103 [104 105 106 107] 108 ==> 104 [105 106 107 108] 109
